    929     657  355.10     314     585     614     186      91  434.41  919.56 
    689     668     166     134  757.02     451  141.99     406  574.20  644.43 
    330     240   33.58  930.90     754     152      31     929  748.13  552.02 
     81  932.03     600     523     940     675  394.68  343.63     181     152 
 119.12  895.20     918     714  356.52  338.34  104.76  974.55     124     676 
 114.79     252     679   91.61  542.66  583.50  357.16     182     406  528.36 
    752     475  204.94     299  822.93  854.21     514  950.74     719  761.47 
     71     638     413     329     523     206     438     797  306.09     595 
    313  854.14     313  839.31  462.60     785  332.28     644     694  548.47 
 401.73     806  567.31  158.73  566.16  971.86  191.93      16  693.71  500.14 
 305.07   49.87     311     420     665     805     647     750      99  863.29 
    315     666     751     210     344     293     372  441.95  481.40  109.60 
    691  930.43     971     217     208  332.60     245  995.50  954.31   68.42 
    215     876   52.16     648  111.85  253.50  135.24  980.49      63     781 
 940.96   30.52  846.98     560     648     473     516  964.73     775     203 
    836     125     698  847.37  716.17     308  120.86  635.77      98  700.29 
  40.19     291  971.06     356      48     787     463     307   21.09  119.17 
    205   91.91  508.94     464     404     197     412  359.70     312     191 
    738  770.07      40     521     521  190.41     913  249.60     209  144.74 
 786.18     231   94.12  720.75   38.21  474.71  601.54   15.60  170.68  703.29 
 495.16  622.39     203  362.28     325     535     315     580  681.53  107.32 
 411.50     836   65.90  925.11  569.84     338     455  753.54     549     366 
 869.98  905.28     807      79  506.30  678.44  709.97     553     266  736.44 
 885.51      37     732     559  909.52  694.60  919.72     348  758.29  321.57 
    356    4.51     727     813  323.61   71.74     758  365.50  314.47     764 
    351     669   23.61  463.73  530.94  613.40  443.86  302.74  527.28     233 
 879.32     735  134.72  920.35     943     200     930  142.35     860     273 
 796.94  178.27     628     922  438.08     622  875.91     761  832.78  664.17 
    461     418  814.99     387  144.03  398.20     223  610.91  882.08   80.31 
 309.95    4.84  589.99  712.67  353.30  500.73     404  545.97     661     241 
    784  478.89  410.77  581.39      13     846      12     879     914     226 
    944     104     843     403     240     497     290     849   83.40  789.26 
 635.68  377.24  187.91  740.60     890  814.61  915.27       2  487.20  857.90 
    314     544  431.72  461.78  525.94     167  384.27  405.31  248.83  844.85 
 489.53     909     198     896   18.57  438.32     760     257  140.54      54 
 272.85     337     390  970.34  632.45     225  646.86  164.47     164     251 
    694  192.89  950.45     144     673  578.97      46  310.43     996     406 
 299.87  960.36  542.09  997.73     686  116.90  188.95  800.72  373.17     734 
  17.42  872.35  946.55  445.80  732.40     578  487.48  688.33     132  393.92 
 448.03     210  687.58     931     512  217.13     545     578  886.58     651 
 526.78  364.18     707  375.77     934     950     515     245  232.89  857.98 
 972.30     338  925.19     321  284.46     840     183     393       0     333 
  56.26  174.25     143  509.31     318  312.05     853  541.73     276     130 
 999.81     632   97.54   30.50     434     481  480.82   32.50  842.84  693.77 
 734.98  599.36     379  355.27  578.02     109     522  310.14     227  611.55 
 855.31     870     596     747  693.15     973     662  957.55  770.41   38.70 
    323  359.95  412.37      23     313     928     891  441.59     980  846.52 
 905.26  336.42   17.66     167     373  472.21  431.84     158  985.11  242.00 
 345.65  965.24     200      48  430.85     458     635  159.94   47.09  411.25 
     33     298     400     375     253     459  288.32  882.49  972.93  721.01 
 247.81     861   49.71   43.02  172.48  387.22     724     314  715.60  146.61 
 113.85     149      45     253     682     183  767.35     283  635.17  883.81 
     85  665.71     419  113.53     508  801.30     786     967     681     549 
  86.83  620.82     142  946.72     765  209.04   91.34     301  223.14     975 
 462.51   30.40     501     204     891  873.52  478.07     693  376.50     366 
    513  753.09     705  694.54  741.48    8.83     970     311     439  496.67 
 722.69  949.09     184     807  603.42     900  715.72  287.14     497     698 
    712  544.39  541.28     580     921  770.88     540  352.13     322  627.09 
 622.03     544  283.04     698  184.80  983.61  879.45  773.89     458     156 
    840     455     249     998  794.58  844.48     677  982.38     767     318 
 978.06     644     118  643.20  687.39  912.09     359     931     766  876.76 
    543  194.91  492.23  882.66     174     503     176   62.30  813.74  993.61 
     29  698.00     841  236.55  734.71   38.03      50     723  551.24     446 
  24.39     463      12   14.41     483  953.43  534.31      15   44.95   21.69 
    497     826   90.11     302     631     204  670.14  339.63  745.75   34.76 
 654.76  579.60  152.26     938  556.71  752.02     318     368     726     396 
    584   68.89  856.79     534    7.60      24     993     749  644.81     287 
 483.53  162.73     845  304.91     566   79.72  370.20     624     536  292.13 
    397     111     674     301     740      52     389  962.81     839  778.30 
 263.44     304     337     682     933  525.20  325.07     761      13     428 
    542      63  485.64     789     134     668  262.31  413.72  758.69   75.18 
    854     895     108  138.95     338  318.01     184  918.09   66.27  410.62 
    866   75.54  805.49  911.92  607.49  705.41  253.51     142     315     716 
    117      43     741     148  199.62  182.18     936      59  181.75     478 
 595.77     843      47  663.20  360.36  134.08  335.09     708     382     649 
    665     749  731.24  620.19     227     236     453     674     175     339 
    348  312.92     117  834.04     780     347  142.56    0.56   97.32  937.83 
  78.01  267.94     461   98.20  917.57  618.66  168.70  812.28     609    4.01 
 769.55     126  649.66  274.69     555  854.68     167  380.46     233     774 
    452     842  842.65     441   98.67     755     251  997.50     231  811.76 
 774.56  612.04  482.81     124  747.44  424.16     674     827  115.04  120.28 
 393.05  718.46     352     525  898.35     458     287     835   59.62   60.96 
 630.87  372.44     257  688.72     300  988.50     446   11.67  832.63     498 
 814.59     623     463  769.17     738     274     689     351  966.71     926 
    378  767.10  234.82     880  739.35  852.02     736     477     727     763 
    161  142.95     690  544.17  221.95     750     336     368  881.32  588.37 
    318  843.60     702  413.81      29       7      26  353.81  396.89     886 
 912.68     659  765.68  755.27   33.29     562     168     472     968     745 
 563.70  516.42  588.16  169.47  846.31  609.97  460.48  271.06     707   54.00 
 487.73     780  651.00     154     200  664.65  740.32  366.55     404     944 
    885      44  132.71  402.08     744     912      67  416.08  544.14     643 
    907     443     402     179     344  893.11  953.14     663     606  395.17 
    348  109.94  746.58     726     952     205     136     890  298.02  860.11 
 832.32  103.62     108     381     779     699     472     420   27.53     199 
    463      43     405      53     798     577  353.54     807     319  104.48 
 839.70     699     398     721  565.97     938     555  963.92  896.54     172 
 867.69       5     203     893     987  523.76  571.01     792     829     352 
     47  309.63     252  306.18     889  885.99  284.84  804.25     489  677.21 
 736.42  167.86  922.26     722     236  727.19  312.59  831.32   33.73     112 
 454.34     685  110.55     356     380  914.97  441.60  698.15  818.61     153 
