    875     564      56     619     626     848       6     812     311     611 
    846     114     145     433     821     850       6      56     477     959 
    702     448     551     642     174     237     465     722     529     455 
    799     604     841     112     999     268     638     852     865     918 
    889     829     113     726      63     985     374     629     556     123 
    541     291     348     499     291     129     283     203     950     797 
    770     230     599     622       1      16     467     274      41     131 
    218     391     237      35     680     952     465      18     948     963 
    641     964     540     410     802     144     493     486     801       7 
    833     837     315     888     870     916     462     590     155     595 
    748      51     739     833     508     689     565     568     219     556 
    482     986     326     150     335     974     264     558      53     874 
    403     656     481     620     526     230     915     968     289     218 
    997     795     823     757     615     394     271     355     969     264 
    585     296     792     161     375     345     991      62     895     926 
    674     266     577     194     566      59     628     864     362     263 
    303     218     408     487     424     448     447     118     614     382 
    833     895     479     682     776     441     674     798     653     244 
    400     339     396     427     355       4     254      81     603     907 
      1      76     118     954     790      25       5     893     409     542 
    509     828     653     991     981     246     888     682     893      81 
    661     894     846     938     374     131     293     361     633     755 
    323     951     877     506     442     205     269     446     767     205 
    644     549     407     636     532     507     104     188     852     300 
    411      81     931     761     744     311     905     640     707     235 
    401     674     942     261     632     767     617     775     701     664 
    360     859     924     458     103      61     497     829     801     207 
    623     186     481     236     567     784     368     140     709     422 
    147     338     801     582     530     243      93     716     413     358 
    912     912     830     964     549     382     839     352      52      32 
    231     589     610     865     653      27     744     161     337      92 
    456     130     135     432     804     260     963     144     114     648 
     74     656     200     431     819     785     501     820     662     670 
    995     382     271     534     136     909     438     714     819     665 
    431     968     543     823     144     875     545     647      58      15 
    667     326     610     737      81     417      19     508     850     507 
     29     270     469      90     278     745     159     594     231     329 
    714     212     675      98     123     440     829     426       7     228 
    966     917     184     271     342     655     282     212     869     266 
    403     517     663     929     278     320     103     255     230     817 
    477     913     528     680     661     986     384     522     509     297 
    953     661     804     378     145     294     696     309     995     745 
    505     408     612     605     662     619     445     442     351     516 
    720     252      93       5     416     972     121     204      80     190 
    899     452     117     653     545     104     923     285     246     565 
    369     225     963      19     723     810     852     437      19     538 
    898     727     275     766     135     383     708     339     755     543 
    301     364      90     164     632      98     155     935     869     251 
      9     609     257      84     625     691     182     303     398     777 
    139     153     649     419     538      74     716      51     282     942 
    305     400     512     239     781     810     717     447     984      53 
    659     598     987     573     218     170     925     541     288     484 
    656     764     340     306     555     291     113     657     177     480 
    186     675     881     433     822       8     763     926     612     348 
    399     440     880     667     964     391     758     187     292     485 
     97     332     281     924     112     742     873     286     782     916 
    506      98     510     227     534     446     520     836     646     513 
    763     519     674     587     873     526     549     917     830     388 
    357     759     571       4     584     114     715     434     679     930 
    969     591       4      26     508     403      85     545     845      84 
    843     579     256     878     127     451     825     998     467     288 
    582     522     398     686     987     683     138     699     233     342 
    630     915     457     414     208      70     970     689     197     527 
     24     781     801     950     500     929     511     664     106     955 
    107     539     352      18      45     696     589     676     636     977 
    884     418     980     926     353      27      57     960     843      70 
    701     527     542     349     483     318     164     383     644     989 
    865     848     314     467     916     434     225     603     486     762 
    993     859     583     856     839     733     305     139     312     838 
    107     101     172     913     675     576     100     541     362      46 
    306      31     866     497     432     744     985     148     365     118 
    815     796     709     790     749     604     688     514     967     938 
    225     999     892     218     753     433     266     842      88     198 
     82     944     369     192     581     124     600     284     952     300 
    844     624     134     549     469     933     366     112     139     447 
    716     754     459     878     852     310     232     611     756     587 
    347     391     879     705     191     882     532     642     296     856 
    890     981     690     195      83     813       3     588     290     342 
    952     538     614     966     253     292     791     536     364     389 
    458      42     716     791     803     187     248     974     879     190 
    128     944     797     681     530     867     284     749     194     877 
    812      20     294     705     630     168     845     927     526     388 
    450      26      90     196     706     947     586     361      25     513 
    262     919     881     871      96     980     794     158     494     482 
    428     664     464     142     252     111     101     578     142      77 
     20      16     160     241     551      24     485     835      77     436 
    154     676     895      27     809     153     377     485     161     838 
      9     955     210     734      83     728     599     746     448     697 
    633     637     745     789     608     611     949     958     104     658 
    926     245     800     978     900      48     182     119     402      32 
    262     951     320      21       9     222     115     829     801     265 
    146     225     563     338     309     114     678     215     879     613 
    982     899     519     869     299     729     905     386      76     775 
    345     119     627      85      11     798     376     286     181     778 
    287      63     934     216     350     236     327     506     600     530 
    955     759     637     624     160     522      46     746     880     101 
    418     916     290     603     891     892     917     264     293      37 
    880     701     955     615     285     495     257     457     542     901 
    773     576     582     545     666      32     509     678     635     306 
    229     947     282     492     983     644     238     859     522     108 
