       945    739.13    479.32    867.25       206    872.97    306.72       387       358       505
       287       438    430.67    845.22    255.65    873.01       898       434    231.76     89.09
    605.42       172       755       504    634.29        69     69.12       571    233.72       656
       880       877       167    229.72    699.37    136.58        95       352    984.82    118.66
       858       286       587    822.90    765.53       292    229.99    438.48       264       954
     14.35    899.47       591       976    187.82        82    279.79    105.57       663    946.48
    625.34       128     29.58       170       485     98.28        35     83.24     13.37    229.29
       795    938.27    203.11       131       196    840.09       344       312    247.73    863.83
    762.32    116.18    360.85    174.96       452       534       802    197.88    466.82       561
    800.04    134.39    178.76     12.63        47       382       773    991.47       590    659.10
       590       429       339       868    176.19       367       688     34.11       155       913
       985       822       296        43       839    483.34       372    683.32       502    233.88
    684.43       731    816.92       408       364       964       463    911.42       818       988
    498.69       774    920.79       673    423.75    879.08    824.16       729       267       133
       503       375       427    662.54       388    248.52       251    803.81    705.76         5
    600.98       972    388.80       268       888    680.96    671.06       864    320.13       279
       725       509       332    203.85    965.93    384.55    469.49    790.55       864       269
    180.18       959    412.28       157       276    309.23       578       533        41       433
    375.69    740.03    228.83    500.33       409        98       432    406.19     10.94    728.13
       577     43.65       325       217    507.53    493.08       964    594.86       917    183.90
     89.49       259       116       327        34    803.73       351    174.96       836    900.79
    699.72    892.51    286.10    689.03    738.97       118       355    320.66       514    490.44
       127       606       521    697.98    578.02    928.21    690.90    864.71       836       851
       635    305.13       776    102.94    618.20    960.57        55       851         4     63.67
       967    456.67    170.16       832       725    121.55       113    245.53     21.86    114.60
    255.91    196.38    999.14    495.59       166    582.43       982    516.12       205    124.70
       591       122    321.63       971     90.82    234.92       487       388        99    733.48
       517        77     15.91       318    256.54       940    774.04    681.22       371       324
       795       649       237        49       249    244.05    665.37       787       981    818.97
       437       568       731    703.23    914.69       479       492     32.56       188       857
       139    688.31    514.18    522.78       672       522        28    847.75    708.95    292.28
       970       728     62.37    986.06       910       745       549    456.24       714        63
    367.31    545.17    240.98    887.64       659    123.62    997.22       507       143       719
    256.64       239       897       663       364       816       683       925       227        32
    411.61        65    219.50    671.11       611    987.86       996     53.49        26    400.29
       959    720.46       687    179.79    347.05     75.32     87.42        52       203     25.81
       313       273    705.36       929       256       224    591.86    393.67       251    116.14
       674       728       773       205    679.86    105.59        45       222       900    726.60
    669.68    913.96    401.57       542    654.20       890       767    333.32    438.19       206
    623.38       200       786       330    429.92       762    662.47    458.57       276    610.50
       445       319    674.18       831    101.97       916    573.76    637.00       180    872.63
    110.74       404    734.40    310.88    803.67    686.62       545       435       201       977
       255    251.76       212    302.12    265.86     92.99       615       911       533       881
       466       653    607.19       301       422       806    527.62       305       190    425.93
       458       636       610    522.32       151       286        97       595       617        66
       442       346       607    716.29       196    607.80    782.26       235    142.32       798
    665.47    345.55    578.51    446.30    756.02    277.16    411.34       588    409.42       294
       290     95.15    350.70    640.59       278       214    932.78       826    789.29    898.21
    503.62       437       784       702       495       891       474    311.73        98       809
    993.34    997.98       635       943    808.96    551.74    995.25    816.99       838       497
    741.53    522.60       516       635    763.69       340       303       222    575.10       107
       365    320.16       628       511       429    143.51       258    739.84        30       429
    117.23    153.97       659    145.14       213    916.99       537     82.62    918.91       751
      9.74    135.30       559       252    794.90    314.31    446.37    430.78    580.28    800.94
       469       410       700    587.48    607.92    464.20    889.07    507.13    979.89    801.97
       335    703.52       285    795.11    544.46       840       762    560.47       733       605
        17        79       747    299.74       346    279.32       743       577       395       749
    124.23       624    304.88     22.10       461       333    658.91    592.83    396.30       275
    894.02       101    755.59    511.86      1.19       358       375       558       648       129
    363.07     48.32     85.84    872.53       794    886.11    438.47    832.46        77       958
    264.37    183.97    473.50    691.62       477    142.65       514         7      4.02    220.67
       308       484       791     53.15    959.36    771.88        21       470    603.72       550
    648.63       745       795    604.88    626.11    182.11       225    795.18       433       486
        19       986    764.24       579     96.36    234.20    492.46       791    333.18       774
       278       604    515.80    626.66    427.84       366    321.23       847       867    671.02
    815.67    753.28    351.29       303    208.00    642.81    257.32    946.02    846.71    839.17
    594.31     63.37       698        88        75    642.69       797    621.18       375       715
    400.77    430.62    935.85    838.71       844    559.69    925.60       953    329.66    456.70
       229    311.61    136.03    694.95       567    376.69    993.69       608       119       894
    606.59       647    256.87    542.92    563.14    496.78    250.94    849.62       123       265
        75    292.16       620       301       655    765.41    465.59    412.32       184    836.98
    992.95    574.72    373.74       467    635.37       400       735       124    166.71    935.98
       282    455.30      0.66       575    235.77    965.25       783       157       623       351
       770       532    870.49       437       719       151       745    876.88    300.89    490.20
    286.37     52.07       245    343.37    551.12    843.17    736.17       300       327       196
       768    948.19       147       662       477       605       230       338       659       635
    212.19       879       988       641    776.97    512.07       656        92       555       223
       428       182       900       556    354.00       975    400.22       675    619.00       131
       254    640.69       276       768       859     60.28       846    258.84       232    546.92
        26        18    127.18    655.69    990.82    576.52    953.30    228.46        25    484.20
       875       320       488    867.13       690    135.35    323.79       662       355    643.33
       628    850.69    272.68    810.07      4.35       223    706.78       610    681.70    498.41
    930.59       252    661.82    826.91       977    292.33    355.92       990       107    555.40
       465       847       346     52.60     91.12       819       722       307    305.01       479
     51.49       772    681.16       534    393.18       266    515.78       750    533.76    597.61
    729.63       636       116    806.46    689.53       917       277    703.81       437    112.07
       901       625        64    763.44       864    581.73       221    114.44    866.18       230
       998       291    732.54    341.60       668       288       283       689        25    304.92
       142    537.40    315.58       239     93.07       151    989.12    389.46    850.92        10
       768       651       361       640       765       786    989.97       252    646.61       538
    207.92       609        63       660    655.58       789    866.36       154    677.03    779.69
       807       264       701     80.69    749.34        37        79    731.24    600.18       494
       239    445.20    467.90       706    280.11       777    775.30    344.52    350.96    499.35
       320    489.11       451       602       522    751.17       498       619       339     13.33
    777.21       168       600       335    149.61    920.81    731.67       826    616.00       393
    129.00    537.90    108.78       259       648    669.23    623.12        98       966       650
     50.37       751    791.90    887.74    327.28    725.28       166       237    764.15       307
       348    495.61       665       321     14.74    461.17       605    699.69    760.48       376
    973.96       297    154.83       788       652       631    820.74       133       938       450
    288.79       603        72    338.98       609        81       996       758    963.66    209.44
