      9     520     737     749     691     225     221     414     724     598 
    995     263     964     255     166     196      27     316     703     283 
    689     961     271     200     925     453     496     867     188     804 
    142     927     880     685     697     824     539     174     273     155 
    101     144      16     904     320     850     971     883     618     383 
    891     514     768     194     666     535     160     750     754     840 
    973     819     574      12     149     531     874     462      22     575 
    889     248     281     372     536     874     228     107     990     304 
    490     793     698     456     829     347     363     218     307     844 
    406     831     818     654     184     119     891     212     603     653 
    806     521     780     315     232     315     110     254      23      11 
    423     366     329     191     911     713     903     369     171     377 
    317     243      24     224     843     457     693     990     863     113 
    600     905      93     975     304     815     303     274       4     357 
    868     606     668     306     337     104      54     651      86     545 
    856     292     251     520     657     536     423      56     737     671 
    978     451     492      46     500       9     902     997     490     725 
    541     832     427     553     570     961     316     146     557     825 
     38     366     201     980     173     836     797     138     499     154 
    750     409       9     103     606     275     156     314     786      95 
    961     459     693      19     803     948     937     267    1001     489 
    154     641     709     651     340       8     297     719     610     249 
    124     754      96     787     551     716       5     441      83     934 
    894     788     823       0     938     570     702     374     282      43 
    639     576     557     280     336     918     308     583     378      98 
    409     156     270     847     450     100     216      22     776     596 
    798     263      69     885     142     251     353     283     870     217 
    844     986     831      90     358     868     683       7     872     863 
    365     577     377     704     873     347     420      11     108     459 
    559     788     178     307     513     288     222     396     970     227 
    762     219     827     936     606     169     196     884     527     958 
    587     541     287     960     537      19     138     280     434     427 
    520     984     341     102     587     165     470     189     110      57 
    361      90     474     292     915     397     761     874     166     845 
    398     116     120     668     410      34     981     503      96     209 
    871     636     893     178     491     962     221     784     172     518 
    382     697     503     787     919     575      21     295     436     893 
    481     210     572     527     823     727     622     603     338      49 
    397     929     432     700      27     593      40     662     741     952 
     34     641     153     268     864     312     246     747     299     990 
    957     525     377     564     302     539     533     961      81     750 
    506     535     368     389     783      91     543     323     228     170 
    119     548      94     317     352     125     758     859     535     580 
    391     535     908     883     285      20     318     686     657     942 
    120     380     615     549     310     892     420     582     578     866 
    276     172     772      41     705     895     243     169     943     155 
    701     760     936     200     475     363     234     905     557     805 
    480     403     377     994     259     370      53     514     813     373 
    756     196     435     359     909     234     475     761     193     253 
    464      92     687     933     322     224      20     363     516     661 
    155     411     736     314     201     713     968     207     761     804 
    775     493     389     123     265     976     152     257     465      41 
    695     841     764     565     886      22     700     831     924     243 
    593      32     692     319     423     199     297     563     925     672 
    973     702      96     430     939     868     173     612     407     825 
    629     557     635     901      16     585     815     792     223     493 
    653     547     263     473     670     512     872     718     616    1001 
    950     514     916     739     431      19     721     908     200     253 
    966     723     505      13     819      66     740     634      45     645 
    567     444     110     462      70     818     263     266      61     490 
    504     688     716     602      49     461     412     584     867      71 
     56     566     877     560     156     462     734      42     633     276 
    380     692     676     441     210     542     963     199     302     526 
    193     167      99     527     226     155     876     119      41     317 
    528     878     406     445     561     769     371     990     578     247 
    683       8     276      56     768     777     708     666     203     226 
    513     519     497     765     978     934     539     226     980     603 
    322     928     339     121     407     811     673     845      94     677 
    525     725     508     369     525     439     594     544     288     259 
    540     390       5     634     309     228      40     367     734     429 
    336     623     128     519     120     724     493     646     214     849 
    127     797     246     294     962     293     178     921     940     144 
    900     756     605     743      16     541     383     268     671     109 
    144     923     870     144     345     734     839     812     413     298 
    905     151      70     261     683     958     974     724     726      24 
    380      58     328     316     583     809     898     563     460     426 
    122     292     828     644     241      80     239     138     815      69 
    515      16     785     434     511     326      62     545     657     460 
    517      31     286     850      43     795     120     760     349     297 
     85     406     167     175     285     786     913     216      99     863 
    180     324     282     751      89     931     467     537     175     628 
    650     271     447     531      80     430     271     949     486     835 
    920     491     675     647     991     676     444     530     438     396 
    107     484     590     384     123     189     362     928      82     933 
    889     665     718     250     876     233     739     579     330     913 
    985    1000     735     157     835     148     335     145     874      31 
     27     965     471     166     174     135     403      61     813     512 
    568     492     921     407     604     419     805      32     545     697 
    216     908     611     877     493     956     928     548     902     400 
    258     646     337     441     805      53     752     880     731     674 
    937     567     390     840     862     555     121     586     311     312 
    100     824     432     212     974     908     704     804     888     441 
    987     999     129     410     529     463     758     898     281     924 
    495     707     377      16     721     189     442     656     509     452 
    216     507     576     899      73     376     441     775     174     758 
    291     964     383     765     834     780     566     967     898     952 
    578     422     655     259      42     330     121     552      55     261 
     23     971      16     912     214     274     161     682     568      67 
    753     133     677     608     528     578     754     603     773     618 
    835     108     264     470     769     145     467     260     493     175 
    527     327 