         248         808         518         815         779         701         889         994         818         130
         821         752         142         380         521         215         966         725         237         175
         952          80         850         969         108         927         248         439         715         430
         876         361         818         620         660         275         315         834         957          39
         332         333         322         743         433         197         655         852         157         118
         715         580         541         670          96         521         561          33         498         519
         888         867         531         585         955         260         338         468          97         214
          73          86         440         163         596         651         296         362         808         755
          47         852         727          77         901         841         735         668         422          31
         444         944         466         372         253         624         991         200          10         861
         229         528         138         720         871         497         207         968         260         651
         227         876          37         742         847         355         352         223         266         288
         531         481         882         361          42          90         620          48         714          73
         454         642         418         239         810         427         849         132         474          97
         606          47          86         549         523         867         550          35          65         162
         483         447         673         128         350         194         109         465          77         754
         255         194         738         456         279         777         394         485         802         628
         260         399         476         238         179         688         410         724         805          29
         986         526         979         917         909         367         544         314         802         364
         252         788         240         339         449         380         884         967         965          97
         319         395           7         487         242         361         864         242         892         628
         931         141          12         768         905         931         158         960         975         960
         885         449         529         423         182         779         160         160         563         715
         749         782         360          38          23         768         120           7         251         890
         464         370         690         926         422         235         973         203          35           3
         881         906         990         797         859         483         128         549         158         690
         959         947         756          10         710         946          17         239          31         458
         650         993         198         116         637         800         549         726         709         183
         926         138         390         882         107         771         831         918         554         986
         419         743         330         789         656          95         694         132         887         528
         720         191         259         797         260         564         721         391         709         302
         962         578         328          21         929         240         324         148         988         629
         510         500         825         954          96           2         914         324         126         326
         755         192         115         622         110         877         683         345         131         147
         379         346         654         109         429          40         884         876         817         484
         398         545          16         605         646          51         644         669         162         354
         526         312         251         258         947         105         256         845         386         678
         395         195         622         873         788         524         941         276         517         397
          84         740         464         945         708         200         257         335         382         127
         837         845         570         523          55          17         609         177         221         294
         445         271         729         445         762          90         704         865         185         723
         118         540         443         155         998          36         733          91         115         413
          36         153          57         344         804         881         675          71         272          57
         684           1         615         476         637         946         316         203         579         975
         421         752         425         843         762         365         536         778         894         776
         981         179         203         399         749         433         599         885         491         622
         253         391         428         375          96         691         757         495         165         479
         187         265         432         827         281         561         455         776         905         956
          47         470         396          46         158          74          34         105         360         955
          35          20         622         252         531         162         560          17         962         491
         985         555         901         725         359         470         543         837         719         187
          42         511         744         382         402         427         897         883         852         411
         984          21         533         556          74         384         804         388         416         155
         708          42         922         997         950         185         782         481         248         119
          22         662          60         108         133         247         516         465         445         206
         845         343         567         365         685         505          36         700         489         566
         333         567         629         324         518         110         921         833          54         397
          21         832         843         652         563         968          96         100         957          17
         408         537         486         970         362         711         705         419          37          31
         199         144          10         872         394         183         889         998         517         971
         881         211         736         295         665         365         219         940         654         310
         114         884         769         167         457         832         991         565         607         676
         319         120         109         201         197         503         797         993         152         874
         558          32         161         343         430         889         206         392         575         824
         604         851         274         292         946         120         282         572         897         808
         739         266         704         872         402         403         964         612         109         767
         100         616         242         842          61         845         461         478         917         576
         120         951         420         838         594         624          91         333         206         826
          54         536         571         843         705         848         958         202         224         218
         680         505         132         581         642         132         354         877         919          77
         716         134         610           4         396         299         325         404         641          97
         322         361         929         149         731          13         892          16         297         283
         502         616         780         808         426         663         468         301           1         418
         290         770         978          31         630          97          42         207         285         524
         123         736         956         461         684         694         290         881         506         744
         774         267         955          27         706         730         367         602          67         429
         981         230         365         880         776         601         412          96         730         757
         584         726         202         546         292         567         639         457         299         844
         324          49          16         662         642         503         124         888         226         544
         682         538         378          79         403         390         370         420         906         198
         588         895         596         338         984         975         256         162         976         799
         576         635         771          95         621          58          48          77         672         814
          84         850         953         108         714         198         538         608         944         426
          91         754         649          94         183         251         568          63         641         912
         699         252         739         618         289         938          97         586         851         172
         806         565           9         158         673         836         529           1         445          87
         596         292         549         345         241         388         171         151         850         121
         492          51         843         856         497         329         944         524          52         608
         943         248         900         578         485         687         795         653         216          53
         250         796         581          49         279         106         639         644          69           2
         571         669         734          18         930         752         182         273         298         938
         641         677         703         712         594         777          85         805         684         980
         103         281         686         537         793         959         764         303         954          91
          47         778         619         622          49         349         679          23         534         968
         518         896         256         728         514          65         393         929         403         829
         625         250         787         446         514         616         513         632         289         157
         284         105         158         440         584         719          11         810         960         783
         745         235         740         499         468         537         535         308         516         250
         226          94         574         661         717         852         173         759         391         405
         511         920         106         227         811         174         559         213         461         787